00011111111111111111111101010000
00011111111111111111111101011000
00011111111111111111111110001000
00011111111111111111111110010000
00011111111111111111111110011000
00011111111111111111111110100000
00011111111111111111111110101000
00011111111111111111111110110000
00011111111111111111111110111000
00011111111111111111111111000000
00011111111111111111111111001000
00011111111111111111111111010000
00011111111111111111111111011000
00011111111111111111111111100000
00011111111111111111111111101000
00011111111111111111111111110000
00011111111111111111111111111000
00100000000000000000000000000000
00100000000000000000000000001000
00100000000000000000000000010000
00100000000000000000000000011000
00100000000000000000000000100000
00100000000000000000000000101000
00100000000000000000000000110000
00100000000000000000000000111000
00100000000000000000000001000000
00100000000000000000000001001000
00100000000000000000000001010000
00100000000000000000000001011000
00100000000000000000000001100000
00100000000000000000000001101000
00100000000000000000000001110000
00100000000000000000000001111000
00100000000000000000000010000000
00100000000000000000000010001000
00100000000000000000000010010000
00100000000000000000000010011000
00100000000000000000000010100000
00100000000000000000000010101000
00100000000000000000000010110000
00100000000000000000000010111000
00100000000000000000000011000000
00100000000000000000000011001000
00100000000000000000000011010000
00100000000000000000000011011000
00100000000000000000000011100000
00100000000000000000000011101000
00100000000000000000000011110000
00100000000000000000000011111000
00110000000000110001111100010000
00110000000001001101100101100000
00110000000001001101100101101000
00110000000001001100101010100000
00110000000001001101100101110000
00110000000001001101100110000000
00110000000000000000000000001000
00110000000001001101100101110000
00110000000001001101100101100000
00110000000001001101100101101000
00110000000001001100101010100000
00110000000001001101100101111000
00011111111111111111111101011000
00110000000001001101100101111000
00011111111111111111111101101000
00011111111111111111111101101000
00110000000001001101100110000000
00110000000000000000000000001000
00110000000001001101100101110000
00110000000001001101100101100000
00110000000001001101100101101000
00110000000001001100101010100000
00110000000001001101100101111000
00011111111111111111111101011000
00110000000001001101100101111000
00011111111111111111111101000000
00011111111111111111111100111000
00011111111111111111111101000000
00011111111111111111111100111000
00011111111111111111111101001000
00010000000000110100110111000000
00001111111111100111010001001000
00010000000000110100110110110000
00010000000000110100110110100000
00010000000000110100110110101000
00010000000000110011111011100000
00110000000001001101100101111000
00011111111111111111111101101000
00110000000001001101100101111000
00011111111111111111111101111000
00011111111111111111111101111000
00011111111111111111111101111000
00011111111111111111111101111000
00011111111111111111111100110000
00011111111111111111111100101000
00110000000001001100101011010000
00011111111111111111111100101000
00011111111111111111111100110000
00011111111111111111111100101000
00110000000000111100101110011000
00110000000000101011110100111000
00110000000000101011110101110000
00110000000000101011110110101000
00110000000000111100101110101000
00110000000000111100101101100000
00110000000000111100101101110000
00110000000000101100011001111000
00011111111111111111111100011000
00011111111111111111111100011000
00011111111111111111111100101000
00110000000000111101010011000100
00110000000001001100101011010000
00011111111111111111111100111000
00011111111111111111111101000000
00100000000110111101100010110000
00011111111111111111111101001000
00011111111111111111111101010000
00011111111111111111111101011000
00010000000000110100110111000100
00001111111111100111010001001100
00010000000000110100110110110100
00010000000000110100110110100100
00010000000000110100110110101100
00010000000000110011111011100100
00110000000001001101100101111000
00011111111111111111111101111000
00110000000001001101100101111000
00011111111111111111111110001000
00011111111111111111111110001000
00011111111111111111111110001000
00011111111111111111111110001000
00011111111111111111011101110000
00011111111111111111011100100000
00011111111111111111011100101000
00011111111111111111011100110000
00011111111111111111011100111000
00011111111111111111011101000000
00011111111111111111011101001000
00011111111111111111011101010000
00011111111111111111011100011000
00011111111111111111011101111000
00011111111111111111111011110000
00011111111111111111111011111000
00011111111111111111111100000000
00011111111111111111111100001000
00011111111111111111111011101000
00110000000001001100101011000100
00110000000001001100101011000000
00110000000001001100101011000000
00110000000001001100101011000000
00110000000001001100101010110000
00011111111111111111111011010000
00011111111111111111111011011000
00011111111111111111111011001000
00011111111111111111111011001000
00011111111111111111111010110000
00011111111111111111111010111000
00011111111111111111111011000000
00110000000000111100001010100000
00011111111111111111111010101000
00110000000001001100101011011000
00110000000000111100001010010000
00110000000000111100001111100000
00011111111111111111111010011000
00110000000000101100000011011000
00110000000001001100101000101000
00110000000001001100101000101000
00110000000000111100001111010000
00011111111111111111111010000000
00110000000001001100100111110000
00011111111111111111111010001000
00011111111111111111111010010000
00011111111111111111111001111000
00011111111111111111111001100000
00011111111111111111111001101000
00011111111111111111111001011000
00110000000000111100011100111000
00110000000000101101000011010000
00110000000000101101010111101000
00011111111111111111111001100000
00011111111111111111111001111000
00110000000000111100001111000000
00110000000000101100010101111000
00110000000000101100000011110000
00110000000000111100001110000000
00011111111111111111111001010000
00011111111111111111111001011000
00011111111111111111111001100000
00011111111111111111111001101000
00011111111111111111111001110000
00011111111111111111111001001000
00110000000001001100101000100000
00110000000000111100001101111000
00011111111111111111111000011000
00011111111111111111111000100000
00011111111111111111111000101000
00011111111111111111111000110000
00011111111111111111111000011000
00011111111111111111111000001000
00110000000000101100011001011000
00011111111111111111111000001000
00011111111111111111111000001000
00011111111111111111111000011000
00110000000000101100000010110000
00011111111111111111111000111000
00011111111111111111111000111000
00110000000001001100101100111000
00100000000000001011100000111000
00110000000001001101100110000000
00110000000001001101100100011000
00110000000000111100001101100000
00110000000001001100101100110000
00110000000000111100001101011000
00011111111111111111110111010000
00110000000001001100101101011000
00011111111111111111110111011000
00011111111111111111110111100000
00011111111111111111110111101000
00011111111111111111110111110000
00011111111111111111110111111000
00011111111111111111110111001000
00110000000000111100001011110000
00110000000001001100101000011000
00110000000001001100101000011000
00110000000001001100101000011000
00110000000001001100100111110000
00110000000000111100001101010000
00110000000000111100001010101000
00011111111111111111110111001000
00011111111111111111110110110000
00011111111111111111110110111000
00011111111111111111110110101000
00110000000000111100011100111000
00110000000000101101000011010000
00011111111111111111110110101000
00110000000000101101000011010000
00011111111111111111110110011000
00110000000000101100011010100000
00011111111111111111110110011000
00011111111111111111110110101000
00011111111111111111110110111000
00011111111111111111110110111000
00110000000000101101000011010000
00011111111111111111110110111000
00011111111111111111110111000000
00011111111111111111110111001000
00011111111111111111110111011000
00100000000110011110101011110100
00011111111111111111110111011000
00011111111111111111110111100000
00011111111111111111110111101000
00011111111111111111110111111000
00110000000000101101000011010000
00110000000000101101000011010000
00110000000000101101000011010000
00110000000000101101000011010000
00110000000000101101000011010000
00011111111111111111110110011000
00011111111111111111110110101000
00110000000000101101010111101000
00110000000000101101010111101000
00110000000000101101010111101000
00011111111111111111110110101000
00110000000000101101000011010000
00011111111111111111110110101000
00011111111111111111110110110000
00011111111111111111110110111000
00011111111111111111110111001000
00011111111111111111110111001000
00011111111111111111110110101000
00011111111111111111110110011000
00110000000000101100011100010000
00011111111111111111110110011000
00011111111111111111110110101000
00011111111111111111110110111000
00011111111111111111110111000000
00011111111111111111110111001000
00011111111111111111110111011000
00011111111111111111110111011000
00110000000000101101000011010000
00110000000000101101000011010000
00110000000000101101000011010000
00110000000000101101000011010000
00110000000000101101000011010000
00011111111111111111110110011000
00011111111111111111110110101000
00011111111111111111110110110000
00011111111111111111110110111000
00011111111111111111110111001000
00011111111111111111110111001000
00110000000001001100101100011000
00110000000000111100001100010000
00110000000001101001111111100000
00110000000001101001111111100000
00011111111111111111110110010000
00011111111111111111110110011000
00011111111111111111110110100000
00011111111111111111110110101000
00011111111111111111110110110000
00011111111111111111110110111000
00011111111111111111110110001000
00110000000001001100101000100000
00110000000000111100001010101000
00110000000001001100100111110000
00110000000000101100000011001000
00110000000000101100000011000000
00110000000001001100101100100000
00110000000001101001111111100000
00110000000001001100101000100000
00110000000001101001111111101000
00110000000001101001111111110000
00110000000001001100101000100000
00110000000000101100000011010000
00110000000000101100000011010000
00011111111111111111110110001000
00011111111111111111110110010000
00011111111111111111110110011000
00011111111111111111110110100000
00011111111111111111110110101000
00011111111111111111110110110000
00011111111111111111110110111000
00110000000000101100000010110000
00100000000000001011100001000000
00110000000000101100000011001000
00110000000000101100000010110000
00110000000000101100000011000000
00110000000000101100000010111000
00011111111111111111110111001000
00011111111111111111110111010000
00011111111111111111110111011000
00011111111111111111110111100000
00011111111111111111110111101000
00011111111111111111110111110000
00011111111111111111110111111000
00011111111111111111111000011000
00011111111111111111111000100000
00011111111111111111111000101000
00011111111111111111111000110000
00110000000001001100101000100000
00110000000001101001111111100000
00011111111111111111111001001000
00110000000001101001111111100000
00011111111111111111111001001000
00011111111111111111111001010000
00011111111111111111111001011000
00011111111111111111111001100000
00011111111111111111111001101000
00011111111111111111111001110000
00000000000000000000000000000000
00011111111111111111111001111000
00011111111111111111111010000000
00011111111111111111111010001000
00011111111111111111111010010000
00011111111111111111111010011000
00011111111111111111111010100000
00110000000000111100001110111000
00011111111111111111111001001000
00110000000001101001111111100000
00011111111111111111111001001000
00011111111111111111111001010000
00011111111111111111111001011000
00011111111111111111111001100000
00011111111111111111111001101000
00011111111111111111111001110000
00000000000000000000000000000000
00011111111111111111111001111000
00011111111111111111111010000000
00011111111111111111111010001000
00011111111111111111111010010000
00011111111111111111111010011000
00011111111111111111111010100000
00110000000001101001111111101000
00110000000001001100101000100000
00110000000001101001111111101000
00110000000001101001111111110000
00110000000000111100001010101000
00110000000001001100101000100000
00110000000001101001111111100000
00110000000000101100000011010000
00110000000000101100000011010000
00110000000000111100001010101000
00110000000001001100101000100000
00110000000001101001111111100000
00110000000000101100000011010000
00110000000000101100000011010000
00110000000001101001111111100000
00110000000001101001111111100000
00110000000001001100101000100000
00110000000001101001111111101000
00110000000001101001111111110000
00110000000001001100101000100000
00110000000000101100000011010000
00110000000000101100000011010000
00110000000001101001111111111000
00011111111111111111111001001000
00011111111111111111111001001000
00110000000001101001111111111000
00011111111111111111111001001000
00011111111111111111111001010000
00011111111111111111111001011000
00011111111111111111111001100000
00011111111111111111111001101000
00011111111111111111111001110000
00110000000001101001111111111000
00011111111111111111111001001000
00011111111111111111111001001000
00110000000001101001111111111000
00011111111111111111111001001000
00011111111111111111111001010000
00011111111111111111111001011000
00011111111111111111111001100000
00011111111111111111111001101000
00011111111111111111111001110000
00000000000000000000000000000000
00011111111111111111111001111000
00011111111111111111111010000000
00011111111111111111111010001000
00110000000001101010011111111000
00110000000001101010011111111000
00110000000001001100101000100000
00110000000001101010100000000000
00110000000001101010100000001000
00110000000001001100101000100000
00110000000000101100000011010000
00110000000000101100000011010000
00110000000001101001111111111000
00011111111111111111111001001000
00011111111111111111111001001000
00110000000001101001111111111000
00011111111111111111111001001000
00011111111111111111111001010000
00011111111111111111111001011000
00011111111111111111111001100000
00011111111111111111111001101000
00011111111111111111111001110000
00000000000000000000000000000000
00011111111111111111111001111000
00011111111111111111111010000000
00011111111111111111111010001000
00110000000001101001111111100000
00110000000001001100101000100000
00110000000001101010100000000000
00110000000001101001111111110000
00110000000001101001111111110000
00110000000001101010100000001000
00110000000000101100000011010000
00110000000000101100000011010000
00110000000001101001111111111000
00011111111111111111111001001000
00011111111111111111111001001000
00011111111111111111111001010000
00011111111111111111111001011000
00011111111111111111111001100000
00011111111111111111111001101000
00011111111111111111111001110000
00110000000000111100001110111000
00011111111111111111111001111000
00011111111111111111111010000000
00110000000001101001111111111000
00110000000000111100001100010000
00110000000000101100000011111000
00110000000000101100000100011000
00110000000001101001111111111000
00110000000000101100000011111000
00110000000000101100000100011000
00011111111111111111111001111000
00011111111111111111111010000000
00011111111111111111111010001000
00011111111111111111111010010000
00011111111111111111111010011000
00110000000001001100101011011000
00110000000000111100001010010000
00011111111111111111111010101000
00011111111111111111111010110000
00011111111111111111111010111000
00011111111111111111111011000000
00011111111111111111111011001000
00011111111111111111111011001000
00011111111111111111111011001000
00110000000001101010000000001000
00110000000001101010000000010000
00110000000001101010000000011000
00110000000001101010000000000000
00110000000001101010000000100000
00110000000001101010000000111000
00110000000001101010000000101000
00110000000001101010000000110000
00110000000001101010000001001000
00110000000001101010000001010000
00110000000001101010000001011000
00110000000001101010000001000000
00110000000001101010000001100000
00110000000001101010000001111000
00110000000001101010000001101000
00110000000001101010000001110000
00110000000001101010000010001000
00110000000001101010000010010000
00110000000001101010000010011000
00110000000001101010000010000000
00110000000001101010000010100000
00110000000001101010000010111000
00110000000001101010000010101000
00110000000001101010000010110000
00110000000001101010000011001000
00110000000001101010000011010000
00110000000001101010000011011000
00110000000001101010000011000000
00110000000001101010000011100000
00110000000001101010000011111000
00110000000001101010000011101000
00110000000001101010000011110000
00110000000001101010000100001000
00110000000001101010000100010000
00110000000001101010000100011000
00110000000001101010000100000000
00110000000001101010000100100000
00110000000001101010000100111000
00110000000001101010000100101000
00110000000001101010000100110000
00110000000001101010000101001000
00110000000001101010000101010000
00110000000001101010000101011000
00110000000001101010000101000000
00110000000001101010000101100000
00110000000001101010000101111000
00110000000001101010000101101000
00110000000001101010000101110000
00110000000001101010000110001000
00110000000001101010000110010000
00110000000001101010000110011000
00110000000001101010000110000000
00110000000001101010000110100000
00110000000001101010000110111000
00110000000001101010000110101000
00110000000001101010000110110000
00110000000001101010000111001000
00110000000001101010000111010000
00110000000001101010000111011000
00110000000001101010000111000000
00110000000001101010000111100000
00110000000001101010000111111000
00110000000001101010000111101000
00110000000001101010000111110000
00110000000001101010001000001000
00110000000001101010001000010000
00110000000001101010001000011000
00110000000001101010001000000000
00110000000001101010001000100000
00110000000001101010001000111000
00110000000001101010001000101000
00110000000001101010001000110000
00110000000001101010001001001000
00110000000001101010001001010000
00110000000001101010001001011000
00110000000001101010001001000000
00110000000001101010001001100000
00110000000001101010001001111000
00110000000001101010001001101000
00110000000001101010001001110000
00110000000001101010001010001000
00110000000001101010001010010000
00110000000001101010001010011000
00110000000001101010001010000000
00110000000001101010001010100000
00110000000001101010001010111000
00110000000001101010001010101000
00110000000001101010001010110000
00110000000001101010001011001000
00110000000001101010001011010000
00110000000001101010001011011000
00110000000001101010001011000000
00110000000001101010001011100000
00110000000001101010001011111000
00110000000001101010001011101000
00110000000001101010001011110000
00110000000001101010001100001000
00110000000001101010001100010000
00110000000001101010001100011000
00110000000001101010001100000000
00110000000001101010001100100000
00110000000001101010001100111000
00110000000001101010001100101000
00110000000001101010001100110000
00110000000001101010001101001000
00110000000001101010001101010000
00110000000001101010001101011000
00110000000001101010001101000000
00110000000001101010001101100000
00110000000001101010001101111000
00110000000001101010001101101000
00110000000001101010001101110000
00110000000001101010001110001000
00110000000001101010001110010000
00110000000001101010001110011000
00110000000001101010001110000000
00110000000001101010001110100000
00110000000001101010001110111000
00110000000001101010001110101000
00110000000001101010001110110000
00110000000001101010001111001000
00110000000001101010001111010000
